
Element(0x00000000 "phono" "" "" 400 700 100 -100 0 100 0x00000000)
(
	Pin(0 0 170 30 170 60 "" "1" 0x00000001)
	Pin(0 -200 170 30 170 60 "" "2" 0x00000001)
	Pin(0 200 170 30 170 60 "" "3" 0x00000001)
	Pin(-200 0 170 30 170 60 "" "4" 0x00000001)
	ElementLine (0 95 0 105 10)
	ElementLine (0 -105 0 -95 10)
	ElementLine (-200 -200 -200 -100 10)
	ElementLine (-200 200 -100 200 10)
	ElementLine (-200 200 -200 100 10)
	ElementLine (-200 -200 -100 -200 10)
	ElementLine (-200 -150 -300 -150 10)
	ElementLine (-300 150 -300 -150 10)
	ElementLine (-300 150 -200 150 10)
	)
