
Element(0x00000000 "phono-dual" "" "" 600 600 0 -125 0 100 0x00000000)
(
	Pin(0 0 120 30 120 52 "" "1" 0x00000001)
	Pin(300 0 120 30 120 52 "" "2" 0x00000001)
	Pin(150 200 120 30 120 52 "" "3" 0x00000001)
	Pin(450 150 200 30 200 125 "" "4" 0x00000001)
	Pin(-150 150 200 30 200 125 "" "5" 0x00000001)
	ElementLine (400 -25 375 -25 10)
	ElementLine (75 -25 225 -25 10)
	ElementLine (-100 -25 -75 -25 10)
	ElementLine (400 400 400 250 10)
	ElementLine (-100 400 -100 250 10)
	ElementLine (-100 -25 -100 50 10)
	ElementLine (400 -25 400 50 10)
	ElementLine (400 400 -100 400 10)
	ElementLine (0 400 0 425 10)
	ElementLine (0 425 300 425 10)
	ElementLine (300 425 300 400 10)
	)
