
Element(0x00000000 "terminal-screw" "" "" 400 700 0 -125 0 100 0x00000000)
(
	Pin(0 0 150 30 150 86 "" "1" 0x00000001)
	Pin(0 200 150 30 150 86 "" "2" 0x00000001)
	Pin(275 200 150 30 150 86 "" "3" 0x00000001)
	Pin(275 0 150 30 150 86 "" "4" 0x00000001)
	ElementLine (70 250 205 250 10)
	ElementLine (-20 85 -20 115 10)
	ElementLine (70 -50 205 -50 10)
	ElementLine (295 85 295 115 10)
	ElementLine (30 100 250 100 30)
	ElementArc (141 99 79 79 180 90 10)
	ElementArc (139 99 81 81 90 90 10)
	ElementArc (140 100 80 80 0 90 10)
	ElementArc (140 100 80 80 270 90 10)
	)
