
Element[0x00000000 "" "cap_electrolytic_radial_200_horizontal" "" 104000 106000 0 0 0 100 0x00000000]
(
	Pin[2000 49000 9500 2500 9500 2800 "" "1" 0x00000001]
	Pin[22000 49000 9500 2500 9500 2800 "" "2" 0x00000001]
	ElementLine [-9000 45000 -9000 55000 1000]
	ElementLine [-9000 55000 33000 55000 1000]
	ElementLine [33000 55000 33000 45000 1000]
	ElementLine [-9000 -43000 -7000 -45000 1500]
	ElementLine [-9000 43000 -9000 -43000 1500]
	ElementLine [-9000 45000 -7000 43000 1000]
	ElementLine [33000 -43000 33000 43000 1500]
	ElementLine [33000 45000 31000 43000 1000]
	ElementLine [31000 -45000 33000 -43000 1500]
	ElementLine [-7000 -45000 31000 -45000 1500]
	ElementLine [33000 43000 -9000 43000 1500]
	ElementLine [-5650 47220 -5650 51220 1000]
	ElementLine [-7650 49220 -3650 49220 1000]

	)
