
Element[0x00000000 "" "" "" 13800 176500 0 0 0 100 0x00000000]
(
	Pin[-52 2143 7000 3000 7000 2800 "" "1" 0x00004001]
	Pin[39748 2193 7000 3000 7000 2800 "" "2" 0x00004001]
	ElementLine [29948 -2857 -52 -2857 1000]
	ElementLine [348 7143 30348 7143 1000]
	ElementLine [30350 7150 39350 7150 1000]
	ElementLine [30500 -2850 39500 -2850 1000]
	ElementArc [-52 2143 5000 5000 270 90 1000]
	ElementArc [-52 2143 5000 5000 0 90 1000]
	ElementArc [39648 2093 5000 5000 180 90 1000]
	ElementArc [39748 2143 5000 5000 90 90 1000]

	)
