
Element[0x00000000 "" "" "" 52500 40000 0 0 0 100 0x00000000]
(
	Pin[9500 18000 8000 3000 8600 2800 "" "2" 0x00004001]
	Pin[9500 8000 8000 3000 8600 2800 "" "1" 0x00004001]
	ElementLine [20000 16000 20000 13500 1000]
	ElementLine [3500 22500 16000 22500 1000]
	ElementLine [16500 22500 18000 21000 1000]
	ElementLine [18000 21000 19500 18500 1000]
	ElementLine [19500 18500 20000 16000 1000]
	ElementLine [-500 13500 -500 16000 1000]
	ElementLine [3000 22500 1500 21000 1000]
	ElementLine [1500 21000 0 18500 1000]
	ElementLine [0 18500 -500 16000 1000]
	ElementArc [9500 13000 10000 10000 270 90 1000]
	ElementArc [10000 13000 10000 10000 180 90 1000]

	)
