
Element[0x00000000 "" "" "" 259000 335000 0 0 0 100 0x00000000]
(
	Pin[-2000 1000 7500 3000 7500 4200 "" "2" 0x00004001]
	Pin[8000 1000 7500 3000 7500 4200 "" "1" 0x00004001]
	Pin[18000 1000 7500 3000 7500 4200 "" "3" 0x00004001]
	ElementLine [-12000 -5000 -12000 -11000 1000]
	ElementLine [28000 -5000 -12000 -5000 1000]
	ElementLine [28000 -11000 28000 -5000 1000]
	ElementLine [-12000 7000 -12000 -11000 1000]
	ElementLine [28000 7000 -12000 7000 1000]
	ElementLine [28000 -11000 28000 7000 1000]
	ElementLine [-12000 -11000 28000 -11000 1000]

	)
