
Element[0x00000000 "" "" "" 95076 118111 0 0 0 100 0x00000000]
(
	Pin[95020 27607 18000 2000 18000 8000 "Vac Out" "4" 0x00000001]
	Pin[-66917 -32330 18000 2000 18000 8000 "Com" "1" 0x00000001]
	Pin[-66917 27607 18000 2000 18000 8000 "220Vac" "2" 0x00000001]
	Pin[-66917 -8267 18000 2000 18000 8000 "127Vac" "5" 0x00000001]
	Pin[95020 3544 18000 2000 18000 8000 "GND Out" "6" 0x00000001]
	Pin[14815 88520 14800 2000 14800 14800 "" "1" 0x00000009]
	Pin[14865 -92960 14800 2000 14800 14800 "" "2" 0x00000009]
	Pin[95020 -32330 18000 2000 18000 8000 "Vac Out" "3" 0x00000001]
	ElementLine [-20618 68520 50248 68520 2500]
	ElementLine [-20618 -73212 -20618 68520 2500]
	ElementLine [81744 48835 50248 48835 2000]
	ElementLine [50248 68520 50248 -73212 2500]
	ElementLine [-52114 -53527 -52114 48835 2000]
	ElementLine [50248 -53527 81744 -53527 2000]
	ElementLine [-20618 -73212 50248 -73212 2500]
	ElementLine [81744 -53527 81744 48835 2000]
	ElementLine [-20618 48835 -52114 48835 2000]
	ElementLine [-52114 -53527 -20618 -53527 2000]
	ElementLine [-48225 -34252 -48225 -29921 900]
	ElementLine [-48225 -29921 -47831 -29527 900]
	ElementLine [-47831 -29527 -45863 -29527 900]
	ElementLine [-48225 -34645 -47831 -35039 900]
	ElementLine [-47831 -35039 -45863 -35039 900]
	ElementLine [-44681 -34645 -44681 -29920 900]
	ElementLine [-44681 -29920 -44288 -29527 900]
	ElementLine [-44288 -29527 -42713 -29527 900]
	ElementLine [-42713 -29527 -42319 -29921 900]
	ElementLine [-42319 -29921 -42319 -34645 900]
	ElementLine [-42319 -34645 -42713 -35039 900]
	ElementLine [-42713 -35039 -44288 -35039 900]
	ElementLine [-40744 -35039 -40744 -29527 900]
	ElementLine [-37201 -35039 -37201 -29527 900]
	ElementLine [-40744 -34645 -39170 -33071 900]
	ElementLine [-39170 -33071 -39170 -31889 900]
	ElementLine [-39170 -31889 -39170 -32676 900]
	ElementLine [-39170 -32676 -37201 -34645 900]
	ElementLine [-35626 -35039 -35626 -29921 900]
	ElementLine [-35626 -29921 -35232 -29527 900]
	ElementLine [-35232 -29527 -33658 -29527 900]
	ElementLine [-33658 -29527 -33264 -29921 900]
	ElementLine [-33264 -29921 -33264 -35039 900]
	ElementLine [-31689 -35039 -31689 -29527 900]
	ElementLine [-28146 -35039 -28146 -29527 900]
	ElementLine [-31689 -34645 -30115 -33071 900]
	ElementLine [-30115 -33071 -30115 -31889 900]
	ElementLine [-30115 -31889 -30115 -32676 900]
	ElementLine [-30115 -32676 -28146 -34645 900]
	ElementLine [-48224 -10235 -48224 -10236 900]
	ElementLine [-48224 -10236 -47437 -11023 900]
	ElementLine [-47437 -11023 -47437 -5904 900]
	ElementLine [-48224 -5904 -46650 -5904 900]
	ElementLine [-44681 -10235 -44287 -10629 900]
	ElementLine [-44287 -10629 -42713 -10629 900]
	ElementLine [-42713 -10629 -41925 -9841 900]
	ElementLine [-41925 -9841 -41925 -8660 900]
	ElementLine [-41925 -8660 -44681 -5904 900]
	ElementLine [-44681 -5904 -41925 -5904 900]
	ElementLine [-39957 -10629 -37201 -10629 900]
	ElementLine [-37201 -10629 -37201 -8266 900]
	ElementLine [-37201 -8266 -39563 -5904 900]
	ElementLine [-34051 24410 -34051 27560 900]
	ElementLine [-34051 27560 -32476 29135 900]
	ElementLine [-32476 29135 -30902 27561 900]
	ElementLine [-30902 27561 -30902 24410 900]
	ElementLine [-37594 24410 -39170 24410 900]
	ElementLine [-39170 24410 -39563 24803 900]
	ElementLine [-37594 24410 -37201 24803 900]
	ElementLine [-37201 24803 -37200 24803 900]
	ElementLine [-37594 29134 -37200 28740 900]
	ElementLine [-39169 29134 -39563 28740 900]
	ElementLine [-39563 24803 -39563 28740 900]
	ElementLine [-37201 24803 -37201 28739 900]
	ElementLine [-37201 28739 -37200 28740 900]
	ElementLine [-25390 -7874 -26571 -7874 900]
	ElementLine [-26571 -7874 -26965 -7480 900]
	ElementLine [-26965 -7480 -26965 -5905 900]
	ElementLine [-26965 -5905 -26571 -5511 900]
	ElementLine [-26571 -5511 -25390 -5511 900]
	ElementLine [-26178 27559 -26178 29134 900]
	ElementLine [-26178 29134 -25784 29528 900]
	ElementLine [-25784 29528 -24603 29528 900]
	ElementLine [-25784 27165 -26178 27559 900]
	ElementLine [-43894 24804 -43500 24410 900]
	ElementLine [-43500 24410 -41926 24410 900]
	ElementLine [-41926 24410 -41138 25198 900]
	ElementLine [-41138 25198 -41138 26379 900]
	ElementLine [-41138 26379 -43894 29135 900]
	ElementLine [-43894 29135 -41138 29135 900]
	ElementLine [-45469 25198 -45469 26379 900]
	ElementLine [-45469 26379 -48225 29135 900]
	ElementLine [-48225 29135 -45469 29135 900]
	ElementLine [-28146 29528 -27753 29135 900]
	ElementLine [-27753 29135 -27753 27166 900]
	ElementLine [-27753 28740 -27753 29134 900]
	ElementLine [-27753 29134 -27359 29528 900]
	ElementLine [-28934 -7873 -30115 -7873 900]
	ElementLine [-30115 -7873 -30509 -7479 900]
	ElementLine [-30509 -7479 -30509 -5904 900]
	ElementLine [-30509 -5904 -30116 -5511 900]
	ElementLine [-30116 -5511 -28933 -5511 900]
	ElementLine [-28933 -5511 -28540 -5904 900]
	ElementLine [-28540 -5904 -28540 -7873 900]
	ElementLine [-28540 -6299 -28540 -5905 900]
	ElementLine [-28540 -5905 -28146 -5511 900]
	ElementLine [-24603 27165 -25784 27165 900]
	ElementLine [-48225 24804 -47831 24410 900]
	ElementLine [-47831 24410 -46257 24410 900]
	ElementLine [-46257 24410 -45469 25198 900]
	ElementLine [-39169 29134 -37594 29134 900]
	ElementLine [-28147 27166 -29328 27166 900]
	ElementLine [-29328 27166 -29722 27560 900]
	ElementLine [-29722 27560 -29722 29135 900]
	ElementLine [-29722 29135 -29329 29528 900]
	ElementLine [-29329 29528 -28146 29528 900]
	ElementLine [-34839 -10629 -34839 -7479 900]
	ElementLine [-34839 -7479 -33264 -5904 900]
	ElementLine [-33264 -5904 -31690 -7478 900]
	ElementLine [-31690 -7478 -31690 -10629 900]

	)
