
Element[0x00000000 "" "trimpot_carbon_vertical_small" "" 98000 64000 0 0 0 100 0x00000000]
(
	Pin[-16000 11000 8000 3000 8600 3000 "" "1" 0x00004001]
	Pin[18000 11000 8000 3000 8600 3000 "" "3" 0x00004001]
	Pin[0 -6000 8000 3000 8600 3000 "" "2" 0x00004001]
	ElementLine [-21000 6000 -21000 16000 2000]
	ElementLine [-8000 16000 22000 16000 2000]
	ElementLine [-21000 16000 9000 16000 2000]
	ElementLine [23000 6000 23000 16000 2000]
	ElementLine [-7000 -2000 23000 -2000 2000]
	ElementLine [-21000 -2000 9000 -2000 2000]
	ElementLine [23000 -2000 23000 8000 2000]
	ElementLine [-21000 -2000 -21000 8000 2000]

	)
