
Element[0x00000000 "" "trimpot_carbon_horizontal_extrabig" "" 92000 122000 0 0 0 100 0x00000000]
(
	Pin[-4000 0 16000 3000 16600 3000 "" "3" 0x00004001]
	Pin[-4000 -40000 16000 3000 16600 3000 "" "1" 0x00004001]
	Pin[62000 -20000 16000 3000 16600 3000 "" "2" 0x00004001]
	ElementLine [-8000 -48000 50000 -48000 2000]
	ElementLine [-8000 -48000 -8000 8000 2000]
	ElementLine [-8000 8000 50000 8000 2000]
	ElementArc [50000 -20000 28000 28000 180 90 2000]
	ElementArc [49999 -20001 28001 28001 90 90 2000]
	ElementArc [40000 -20000 22000 22000 180 90 2000]
	ElementArc [41999 -20001 20001 20001 90 90 2000]
	ElementArc [41997 -21997 21997 21997 0 90 2000]
	ElementArc [40003 -21997 20003 20003 270 90 2000]

	)
